Multiple size <= 100
TEST 1 ARG:12 69 98 15 10 45 11 26 32 57 7 13 29 65 54 2 62 37 78 3 17 1 94 42 24 43 71 41 93 27 36 67 90 14 61 80 38 70 64 5 44 31 53 48 87 35 47 76 52 66 96 28 95 23 40 84 88 9 22 33 97 59 39 86 68 16 6 20 63 4 56 92 49 50 21 74 75 83 30 46 25 79 18 0 60 34 19 73 77 55 8 82 51 91 89 99 72 85 81 58
TEST 2 ARG:16 27 4 47 32 60 93 31 75 88 86 89 97 63 36 77 29 1 28 44 40 80 64 66 68 13 12 24 95 65 42 3 51 78 22 11 49 53 72 45 55 38 99 41 5 90 74 18 48 81 59 23 43 20 92 14 25 15 17 85 33 56 6 94 67 34 69 0 62 70 19 84 26 39 50 73 61 54 21 91 2 76 35 57 58 96 7 8 83 30 46 79 10 37 9 52 71 87 98 82
TEST 3 ARG:56 99 44 45 17 16 74 72 84 29 65 19 47 81 35 90 30 98 11 51 95 69 87 70 54 79 82 12 3 55 18 2 37 62 15 94 73 8 26 24 59 89 39 91 52 10 43 41 78 48 80 53 63 34 13 97 64 42 61 57 60 36 46 7 22 32 93 83 20 28 23 33 67 6 76 14 9 75 71 40 50 25 88 38 77 86 96 66 85 4 0 68 58 49 27 21 31 92 1 5
TEST 4 ARG:75 13 62 96 71 47 56 98 20 89 51 88 64 8 92 72 35 43 36 25 65 70 15 63 29 23 57 78 76 39 5 59 94 9 30 85 99 32 34 37 18 3 0 28 11 4 46 33 14 42 16 27 55 41 21 19 38 79 80 52 93 53 83 67 45 48 81 12 50 69 2 74 91 73 90 58 84 61 87 49 60 40 97 10 68 44 7 95 26 66 6 82 31 22 24 54 77 86 17 1
TEST 5 ARG:69 55 53 50 81 25 91 46 3 58 37 44 5 92 39 4 11 2 97 94 67 64 9 36 12 10 54 79 68 40 73 15 66 6 63 18 87 42 80 90 72 86 47 13 28 70 62 78 32 35 84 16 52 20 98 61 99 71 33 21 57 29 7 0 17 41 60 45 88 56 22 27 85 30 76 75 1 59 49 96 31 82 48 19 95 24 34 74 65 77 89 38 43 23 8 51 14 93 26 83
TEST 6 ARG:67 93 61 2 7 19 13 11 46 57 63 0 64 45 40 97 39 77 32 34 28 9 60 38 65 18 27 70 98 66 30 94 96 26 59 86 33 81 71 31 84 68 10 78 5 72 73 82 50 54 55 43 6 88 22 41 25 85 95 76 29 47 99 37 91 36 87 8 1 53 20 92 48 3 23 74 44 56 62 24 58 42 12 83 79 75 14 35 17 52 21 69 89 90 4 15 49 80 51 16
TEST 7 ARG:61 68 59 54 16 86 5 57 73 77 97 38 13 33 95 83 18 4 36 28 96 88 44 0 1 71 41 7 2 42 50 65 66 63 92 19 10 90 26 25 32 9 55 51 39 78 34 87 20 21 69 6 3 37 35 29 93 64 46 89 47 74 12 58 62 15 45 98 52 43 84 49 60 24 91 30 72 11 75 76 8 80 22 40 82 85 99 94 53 14 56 48 81 23 79 17 27 31 67 70
TEST 8 ARG:66 26 27 21 73 92 87 57 80 55 15 22 30 7 72 4 90 70 51 67 34 52 9 60 8 78 16 81 93 42 64 96 89 62 10 13 24 49 65 69 86 54 39 77 6 5 58 25 50 71 97 41 94 37 76 45 44 31 75 2 0 38 74 79 3 85 56 28 82 1 32 36 18 99 43 68 20 17 12 91 19 61 53 83 46 84 29 33 59 48 35 40 23 11 63 47 95 98 88 14
TEST 9 ARG:47 28 46 49 44 39 97 33 73 34 26 63 13 84 89 32 98 53 29 16 5 25 45 62 36 94 66 67 30 99 81 7 55 65 60 85 18 87 38 83 10 56 14 27 88 54 58 86 11 52 76 77 71 93 37 21 23 96 19 17 61 0 15 75 79 22 50 64 78 12 70 48 41 57 2 3 91 90 9 92 24 20 59 1 95 40 35 82 69 74 72 4 51 31 68 80 8 43 42 6
TEST 10 ARG:68 34 33 78 96 8 23 94 43 67 42 95 44 74 12 28 61 46 17 82 24 11 69 86 70 1 87 20 19 39 81 2 25 52 64 80 83 79 22 16 51 47 4 57 62 14 15 41 38 97 48 65 54 35 27 56 37 53 32 89 10 71 63 21 0 26 7 84 49 18 90 45 72 58 77 31 3 30 75 85 50 13 88 99 93 36 66 29 40 59 76 91 55 9 73 60 92 5 6 98
TEST 11 ARG:17 96 51 23 16 62 82 11 53 60 59 38 46 15 61 36 31 2 25 90 37 9 7 48 22 76 28 68 34 29 99 20 18 27 87 86 43 12 55 45 52 70 57 41 64 85 14 63 1 0 32 19 47 67 73 95 21 83 98 26 92 58 79 75 66 42 4 97 56 89 69 50 49 30 35 72 33 91 54 94 77 3 84 88 44 93 39 74 8 71 78 13 81 65 6 10 80 24 40 5
TEST 12 ARG:51 34 86 81 88 5 87 43 58 56 50 76 16 0 69 73 13 18 67 65 20 94 7 31 54 89 46 29 41 91 57 35 85 74 96 1 47 98 28 9 32 71 61 72 59 27 52 45 49 42 6 84 3 77 36 10 17 62 48 92 4 33 15 66 40 12 37 75 79 95 22 44 80 63 82 70 55 90 99 26 78 97 39 30 38 19 11 60 23 93 24 14 68 8 83 21 2 64 25 53
TEST 13 ARG:65 5 11 64 43 3 63 20 0 79 30 56 54 52 97 68 35 44 55 32 61 15 80 53 33 1 87 22 10 78 70 57 45 21 37 29 58 51 89 72 77 90 50 99 46 9 95 38 24 71 4 85 17 91 8 27 59 74 41 60 40 94 88 36 28 25 47 7 84 42 62 92 6 81 12 34 76 39 66 82 23 19 93 31 96 67 2 14 75 98 13 48 16 86 73 83 26 69 18 49
TEST 14 ARG:26 60 32 2 31 79 55 67 3 49 94 29 22 59 11 24 41 66 87 73 88 77 1 52 15 92 57 93 68 97 39 53 62 82 78 19 33 17 56 65 80 30 10 37 34 38 5 61 69 83 99 84 85 40 91 45 21 58 74 46 7 0 86 35 36 71 8 25 75 95 43 16 4 9 18 54 12 63 27 48 6 20 70 51 44 64 89 47 96 14 13 23 72 98 50 90 42 28 81 76
TEST 15 ARG:68 21 15 95 16 62 87 89 14 3 74 88 8 55 18 77 9 45 35 65 64 57 91 46 34 53 52 17 72 27 19 31 96 40 97 80 98 49 39 63 71 23 50 70 43 12 51 61 82 25 81 79 5 59 1 90 11 32 94 66 92 67 0 56 85 7 29 2 99 33 20 44 38 69 10 84 76 86 42 58 60 28 36 73 22 6 47 41 13 83 93 78 54 30 37 75 4 48 26 24
TEST 16 ARG:85 59 6 56 82 45 43 66 18 83 77 60 92 72 94 89 3 62 58 65 81 16 54 39 41 44 15 87 50 99 22 21 5 49 91 14 61 38 96 37 69 10 0 28 64 57 2 13 7 98 30 23 17 63 47 68 74 20 95 4 31 79 67 70 46 24 88 93 80 75 35 51 52 73 9 1 86 90 19 34 25 53 55 36 78 11 12 27 29 42 26 71 76 97 40 32 48 33 8 84
TEST 17 ARG:50 39 22 78 57 33 14 58 87 92 5 9 54 53 62 21 66 40 7 0 93 29 13 75 4 43 96 31 95 8 48 90 27 63 46 49 19 44 11 34 32 52 51 82 45 41 6 94 24 64 81 72 26 17 83 86 59 56 67 15 99 85 61 89 88 71 2 55 80 37 25 70 65 97 60 76 79 98 69 30 36 28 91 68 23 20 10 47 12 35 42 38 84 3 77 73 18 74 16 1
TEST 18 ARG:20 35 72 77 85 89 12 81 13 53 65 34 4 94 40 92 10 22 54 49 57 11 6 2 58 63 73 80 91 88 25 46 59 39 28 36 43 84 78 19 42 52 9 82 5 90 45 62 16 21 97 79 18 47 93 48 66 38 8 1 86 3 17 50 68 23 29 33 95 67 87 76 14 15 26 71 41 44 37 51 98 96 64 24 27 69 0 60 70 75 30 56 31 32 99 61 55 83 74 7
TEST 19 ARG:47 41 94 48 18 64 66 25 27 55 80 36 4 98 17 93 69 59 26 84 76 73 13 63 2 28 7 16 22 42 30 52 67 23 56 0 24 99 74 68 60 15 71 92 20 14 8 49 38 87 95 19 31 34 78 81 97 5 12 70 86 96 65 1 43 46 11 50 77 21 35 45 91 37 88 90 44 39 83 9 57 61 85 51 89 58 79 32 72 29 40 62 6 53 82 3 54 10 33 75
TEST 20 ARG:7 78 32 21 41 40 71 49 79 96 54 51 10 3 31 84 36 45 95 23 38 22 66 28 91 46 16 80 19 99 90 72 53 85 68 73 65 82 47 62 75 5 55 88 30 4 29 2 93 18 9 87 52 13 92 25 70 42 74 17 6 98 26 48 67 58 14 56 1 89 57 81 61 8 11 37 86 64 63 27 44 34 77 43 33 15 76 94 12 60 0 24 83 97 20 35 69 59 50 39
TEST 21 ARG:76 44 57 3 65 70 92 66 34 67 56 30 47 77 82 42 55 17 60 80 49 54 63 84 90 14 73 85 5 16 32 50 75 45 71 94 95 26 81 18 0 12 8 15 40 96 52 19 6 41 43 13 72 48 51 36 78 23 27 89 61 87 58 1 22 20 98 99 33 69 39 2 10 24 28 31 86 53 64 88 11 97 62 4 7 38 35 68 29 46 25 91 59 83 79 93 9 21 74 37
TEST 22 ARG:24 95 83 39 93 26 96 18 91 23 60 77 25 72 69 57 27 99 22 36 75 0 92 42 7 11 66 37 90 74 97 45 88 94 9 68 6 73 1 61 98 52 41 53 44 79 67 31 32 15 76 51 56 62 86 54 28 35 55 49 70 82 63 29 20 21 87 14 16 84 19 3 59 78 5 71 10 89 4 48 33 2 13 40 46 85 47 65 43 8 38 12 81 34 58 30 17 50 80 64
TEST 23 ARG:15 6 16 28 78 90 5 38 32 56 7 96 98 83 70 27 66 9 71 84 85 87 77 37 81 79 12 8 67 74 23 46 21 95 36 82 91 3 33 57 17 20 92 49 69 80 94 40 55 42 86 13 4 58 10 47 76 89 43 11 29 97 73 59 34 88 25 18 0 54 24 22 41 99 68 63 31 52 53 26 14 19 1 65 2 35 48 75 60 62 44 61 72 30 51 64 50 45 93 39
TEST 24 ARG:81 50 17 31 41 89 84 34 12 99 43 1 56 37 27 75 54 5 0 60 94 32 18 8 58 19 25 92 69 39 87 74 52 55 71 64 90 21 83 38 4 66 13 93 78 3 70 36 20 6 57 79 23 46 10 91 82 7 76 14 11 62 48 53 51 96 28 15 98 61 95 33 16 68 77 22 24 65 73 80 67 44 86 47 49 29 85 45 97 59 26 2 88 9 72 63 42 30 35 40
TEST 25 ARG:68 82 17 70 51 18 6 61 24 54 71 13 1 58 19 37 77 87 3 91 88 40 21 86 11 67 9 72 94 74 92 81 22 53 85 62 55 8 0 79 27 14 75 57 15 39 56 69 35 28 20 36 97 4 30 41 63 66 76 59 60 10 7 73 78 29 45 32 64 96 46 5 42 98 44 84 89 95 52 49 99 12 50 43 65 31 16 83 47 80 93 23 34 38 90 26 2 48 33 25
TEST 26 ARG:65 4 27 70 1 89 52 38 29 8 37 20 76 88 83 44 47 99 30 34 55 66 7 43 54 32 73 14 92 25 98 11 96 71 3 12 86 35 84 31 23 93 87 77 48 78 91 69 58 79 0 68 45 67 17 64 85 80 61 57 53 74 33 62 18 36 41 9 5 15 24 75 19 49 26 22 82 16 6 2 51 40 95 46 90 81 60 28 50 42 94 13 59 56 10 97 39 72 21 63
TEST 27 ARG:13 43 48 26 31 27 11 14 93 46 74 4 40 41 61 86 71 63 45 88 96 18 70 99 83 95 51 73 6 69 1 72 76 60 17 9 5 82 0 22 75 49 21 89 94 53 16 59 57 25 52 39 80 67 15 54 62 36 19 42 68 47 81 78 92 79 32 24 37 97 2 91 20 35 84 90 64 34 10 29 33 7 28 85 77 87 56 50 38 44 66 30 65 98 55 12 58 3 8 23
TEST 28 ARG:57 28 89 95 48 9 83 2 96 67 16 61 93 22 55 38 23 51 62 63 34 92 80 1 54 87 47 84 60 27 65 35 33 8 98 14 44 13 76 88 56 74 30 64 52 42 40 77 19 41 3 53 85 73 46 79 58 20 11 94 12 32 90 66 37 86 0 91 71 82 29 7 43 78 24 15 18 72 68 25 36 99 75 59 17 6 50 45 49 31 4 70 21 81 39 97 26 69 10 5
TEST 29 ARG:27 66 57 45 69 76 44 29 75 7 28 70 54 32 11 89 86 85 49 82 40 46 39 77 93 64 31 26 35 1 38 18 16 97 56 67 34 6 81 8 0 30 53 68 90 4 33 74 37 20 48 43 42 3 23 25 79 22 78 15 5 72 52 99 96 55 17 59 73 47 24 50 2 92 21 14 80 36 12 87 61 19 63 65 98 9 88 58 60 51 41 95 91 10 84 71 13 62 83 94
TEST 30 ARG:67 25 73 2 28 44 81 18 14 63 85 56 89 69 5 20 95 39 27 48 26 71 30 76 58 98 99 59 15 72 21 4 84 9 13 91 96 61 94 51 37 17 50 83 29 70 65 78 74 11 35 19 57 75 6 60 66 0 41 46 45 88 43 7 77 97 62 8 34 32 52 90 1 82 86 12 64 40 55 92 80 49 24 53 93 36 47 23 10 33 42 22 38 31 3 87 16 79 54 68
TEST 31 ARG:73 51 93 55 16 90 45 54 65 44 71 28 86 94 56 62 22 19 85 3 21 17 60 92 98 20 6 64 97 42 81 72 39 50 58 41 7 35 43 48 76 87 57 26 24 46 36 52 11 99 47 10 89 91 38 9 63 53 34 70 84 8 67 14 32 5 23 15 61 75 31 49 33 77 83 74 27 2 88 68 1 13 0 40 79 29 69 78 12 80 66 82 37 95 30 4 18 25 96 59
TEST 32 ARG:8 90 84 46 94 30 62 28 59 27 2 78 45 33 35 5 51 79 98 11 44 52 13 53 41 24 97 89 48 10 16 87 91 75 34 25 74 20 7 86 47 1 6 93 88 31 71 85 4 72 65 83 56 23 73 39 12 29 22 43 63 64 26 82 15 17 42 61 58 37 68 77 96 19 0 38 95 18 57 99 40 81 76 54 66 60 14 70 55 67 80 92 49 32 3 21 69 9 36 50
TEST 33 ARG:13 81 44 45 51 25 39 72 9 40 11 26 83 30 77 29 79 33 5 0 8 35 64 91 62 31 10 14 80 53 97 47 16 63 20 59 19 34 69 66 65 70 86 82 92 55 89 90 23 56 48 2 41 50 57 78 58 68 75 46 74 67 15 37 17 22 12 36 27 21 96 18 71 7 32 85 98 84 24 28 4 99 93 76 3 49 1 42 95 61 73 6 38 87 88 43 94 60 54 52
TEST 34 ARG:18 43 22 67 30 1 82 27 77 3 16 31 84 32 44 34 55 4 83 85 42 94 64 74 20 95 25 45 81 15 9 58 79 66 12 73 89 26 29 19 57 8 80 28 61 38 56 59 65 86 87 46 6 39 47 52 90 78 5 10 53 69 98 21 88 24 33 70 36 41 97 23 50 35 68 49 93 99 0 54 96 37 72 71 60 14 51 76 63 92 91 48 7 11 40 75 17 62 13 2
TEST 35 ARG:93 11 98 59 75 38 89 19 91 41 80 29 83 3 47 99 56 77 30 44 8 14 31 48 25 63 37 18 61 72 90 50 71 51 68 76 87 54 67 13 62 5 21 1 73 55 70 69 60 4 9 23 52 15 58 96 92 82 0 57 32 45 43 2 46 10 22 66 79 88 64 27 17 53 65 12 81 6 95 84 16 28 85 97 39 26 74 33 34 24 49 36 35 7 42 20 86 78 40 94
TEST 36 ARG:15 55 65 8 56 5 52 32 80 13 62 31 41 74 79 72 77 95 21 22 66 78 29 3 51 88 0 11 53 75 36 90 23 7 6 34 87 70 4 28 1 26 18 63 50 83 14 96 42 40 12 98 2 68 47 38 17 58 49 94 93 48 9 20 37 92 24 57 46 19 35 69 76 59 97 30 82 10 25 64 43 71 84 33 91 16 44 73 81 89 99 86 45 85 27 67 54 39 61 60
TEST 37 ARG:12 29 7 94 56 0 17 11 50 86 75 36 79 37 67 98 92 73 82 64 10 46 6 28 22 62 3 5 42 87 16 40 96 4 33 26 19 78 55 85 38 51 8 72 84 24 77 68 15 23 1 13 31 34 2 91 57 70 59 25 61 27 35 21 44 58 90 80 41 47 69 76 81 83 9 74 89 53 65 93 88 49 32 97 54 30 95 39 20 71 14 45 60 99 63 43 52 18 48 66
TEST 38 ARG:74 64 34 19 47 58 91 57 45 77 13 24 16 95 2 90 60 44 68 0 43 61 21 33 79 6 38 32 83 17 50 82 54 69 8 67 9 10 59 1 27 94 48 3 99 65 88 40 73 96 5 52 14 20 66 18 87 49 41 86 84 25 51 62 7 30 42 76 36 80 55 4 11 70 63 71 78 53 31 26 81 12 98 39 28 15 97 93 46 35 56 29 89 23 37 75 85 22 92 72
